1 1 30.8458 1.6951 2.35992 9.76425
2 1 31.4799 0.00733702 8.93133 13.1354
3 1 32.0193 5.90281 11.1803 10.4372
4 1 31.7061 10.2818 1.82451 2.62996
5 1 31.1929 10.9208 11.69 11.7749
6 1 33.049 12.5323 0.816849 11.134
7 1 33.6069 5.26041 2.75825 9.17484
8 1 31.5087 13.0495 0.336518 1.99645
9 1 29.2486 8.42499 5.17796 13.134
10 1 32.4268 3.44114 1.31418 6.03443
11 1 33.3851 2.67969 3.56739 1.17337
12 1 32.0093 3.33044 1.56014 3.07013
13 1 30.5155 8.05942 7.89514 5.51257
14 1 32.279 4.82748 12.2947 7.2394
15 1 29.5712 0.546502 11.209 13.0714
16 1 31.5118 0.832736 9.70423 3.91485
17 1 31.4536 6.83403 10.5704 6.28183
18 1 32.5307 5.30539 5.13029 12.1794
19 1 30.8682 9.02773 6.60415 8.10109
20 1 32.354 9.82213 9.09402 3.04159
21 1 31.7675 4.22973 9.22365 13.2678
22 1 29.823 10.8655 0.659074 7.93629
23 1 33.6436 4.10446 4.95782 6.85526
24 1 31.7678 5.6889 7.89559 7.75781
25 1 32.5747 8.25406 8.8194 0.465908
26 1 33.04 2.20234 10.8298 9.60946
27 1 30.4537 0.63604 0.51689 8.14821
28 1 34.5855 3.79225 1.37061 12.134
29 1 32.6384 9.85382 5.44865 3.814
30 1 32.5507 4.89506 8.51417 3.28228
31 1 32.1078 3.17154 11.7823 2.90848
32 1 31.3619 7.72894 1.39312 8.16733
33 1 33.9641 6.77399 11.9318 3.12807
34 1 31.2662 1.50337 6.93495 1.03631
35 1 35.1433 13.428 6.65706 7.70019
36 1 29.9305 7.18209 1.27384 4.80986
37 1 32.7849 6.7709 12.005 0.185329
38 1 32.3656 2.48746 7.85637 8.92702
39 1 34.0892 9.9244 10.6345 8.79144
40 1 31.1488 6.52629 3.92961 5.31489
41 1 29.9559 5.5689 8.49731 10.5267
42 1 31.5858 10.0625 4.28835 6.86758
43 1 30.3807 8.25524 13.1663 10.8015
44 1 32.512 2.86606 5.55702 11.1326
45 1 32.1586 0.00407027 3.59437 0.437858
46 1 32.2678 6.18506 6.59613 2.12038
47 1 32.7997 12.9719 4.25112 4.62596
48 1 31.2843 9.39018 2.92888 10.5496
49 1 32.2686 0.164883 10.2783 7.91889
50 1 32.2071 7.68415 1.77703 12.9364
51 1 31.8742 10.1731 13.1034 5.35432
52 1 31.739 12.6608 6.15639 11.7631
53 1 33.7312 10.7914 8.12584 11.8701
54 1 33.0882 12.7239 7.18344 3.86234
55 1 32.2531 0.139915 1.17205 5.04662
56 1 31.1086 8.29411 6.66508 10.2321
57 1 32.4949 10.9062 4.31912 0.503366
58 1 33.073 12.8281 4.18727 8.93687
59 1 31.8738 2.20451 10.5197 5.6328
60 1 31.7821 10.9792 10.0757 5.64603
61 1 31.7155 6.65658 3.18741 2.305
62 1 33.2436 2.93146 5.95971 4.50975
63 1 30.7588 2.8222 12.3555 12.8657
64 1 31.2737 10.5549 12.213 1.50684
